 16　　統計年鑑　103年
單位：人
50歲
 341 240
         
 358 261
         
 369 263
         
 371 565
         
 374 222
         
 379 221
         
 384 409
         
 377 751
         
51歲
 352 352
         
340 161
        
 357 010
         
367 825
       
370 277
       
372 818
       
 377 803
         
382 915
       
52歲
 343 643
         
351 068
        
 338 857
         
355 516
       
366 290
       
368 791
       
 371 376
         
376 283
       
53歲
 325 207
         
342 478
        
 349 589
         
337 439
       
354 092
       
364 790
       
 367 149
         
369 769
       
54歲
 312 549
         
323 929
        
 341 011
         
348 047
       
336 025
       
352 542
       
 363 027
         
365 434
       
55歲
 305 713
         
311 263
        
 322 373
         
339 427
       
346 406
       
334 410
       
 350 932
         
361 224
       
56歲
 309 295
         
304 315
        
 309 739
         
320 707
       
337 755
       
344 723
       
 332 684
         
349 083
       
57歲
 260 530
         
307 741
        
 302 559
         
307 945
       
319 026
       
335 944
       
 342 875
         
330 790
       
58歲
 241 512
         
259 009
        
 305 857
         
300 659
       
306 139
       
317 171
       
 333 915
         
340 908
       
59歲
 212 110
         
239 898
        
 257 314
         
303 791
       
298 788
       
304 189
       
 315 151
         
331 830
       
60歲
 185 987
         
 210 580
         
 238 136
         
 255 475
         
 301 790
         
 296 835
         
 302 177
         
 313 006
         
61歲
 150 716
         
184 608
        
 209 038
         
236 234
       
253 545
       
299 576
       
 294 606
         
299 950
       
62歲
 134 958
         
149 473
        
 183 031
         
207 244
       
234 434
       
251 681
       
 297 222
         
292 388
       
63歲
 157 283
         
133 681
        
 148 147
         
181 528
       
205 584
       
232 440
       
 249 517
         
294 743
       
64歲
 159 719
         
155 702
        
 132 410
         
146 800
       
179 968
       
203 788
       
 230 425
         
247 287
       
65歲
 155 980
         
157 949
        
 154 147
         
131 133
       
145 327
       
178 274
       
 201 799
         
228 183
       
66歲
 156 631
         
154 097
        
 156 028
         
152 327
       
129 637
       
143 661
       
 176 325
         
199 584
       
67歲
 154 737
         
154 429
        
 152 029
         
153 950
       
150 388
       
127 957
       
 141 870
         
173 972
       
68歲
 146 220
         
152 322
        
 152 131
         
149 869
       
151 696
       
148 281
       
 126 181
         
139 862
       
69歲
 135 295
         
143 722
        
 149 740
         
149 571
       
147 490
       
149 307
       
 145 988
         
124 280
       
70歲
 132 081
         
 132 788
         
 141 068
         
 146 912
         
 146 827
         
 144 918
         
 146 753
         
 143 470
         
71歲
 122 783
         
129 175
        
 129 976
         
138 294
       
144 217
       
144 003
       
 142 191
         
143 945
       
72歲
 120 070
         
119 846
        
 126 161
         
127 218
       
135 247
       
141 151
       
 141 045
         
139 162
       
73歲
 114 313
         
116 860
        
 116 660
         
122 942
       
124 073
       
132 021
       
 137 877
         
137 755
       
74歲
 107 758
         
110 872
        
 113 653
         
113 520
       
119 586
       
120 863
       
 128 598
         
134 359
       
75歲
 105 692
         
104 273
        
 107 414
         
110 214
       
110 176
       
116 065
       
 117 471
         
124 988
       
76歲
 105 449
         
101 866
        
 100 696
         
103 822
       
106 491
       
106 624
       
 112 378
         
113 837
       
77歲
 102 233
         
101 247
        
 97 964
           
96 860
         
99 874
         
102 725
       
 102 976
         
108 401
       
78歲
 94 550
           
97 673
          
 96 877
           
93 934
         
92 807
         
95 781
         
 98 718
           
98 800
         
79歲
 87 641
           
89 837
          
 93 079
           
92 379
         
89 632
         
88 588
         
 91 642
           
94 364
         
80歲
 79 031
           
 82 853
           
 85 144
           
 88 185
           
 87 634
           
 85 109
           
 84 314
           
 87 134
           
81歲
 72 386
           
74 191
          
 77 998
           
80 379
         
83 180
         
82 860
         
 80 484
           
79 764
         
82歲
 63 257
           
67 592
          
 69 499
           
73 035
         
75 179
         
78 065
         
 77 920
           
75 667
         
83歲
 52 184
           
58 557
          
 62 847
           
64 559
         
67 856
         
69 908
         
 72 769
           
72 682
         
84歲
 44 093
           
47 903
          
 53 920
           
57 947
         
59 593
         
62 634
         
 64 673
           
67 195
         
85歲
 39 828
           
40 137
          
 43 570
           
49 290
         
52 977
         
54 459
         
 57 387
           
59 259
         
86歲
 34 618
           
35 798
          
 36 255
           
39 353
         
44 619
         
48 123
         
 49 466
           
51 931
         
87歲
 25 998
           
30 820
          
 32 111
           
32 464
         
35 264
         
39 962
         
 43 295
           
44 409
         
88歲
 20 553
           
22 846
          
 27 186
           
28 389
         
28 688
         
31 206
         
 35 543
           
38 304
         
89歲
 16 366
           
17 808
          
 19 909
           
23 774
         
24 782
         
25 133
         
 27 313
           
31 058
         
90歲
 13 361
           
 14 029
           
 15 269
           
 17 237
           
 20 549
           
 21 469
           
 21 800
           
 23 519
           
91歲
 9 764
             
11 277
          
 11 964
           
12 950
         
14 507
         
17 451
         
 18 306
           
18 547
         
92歲
 7 765
             
 8 030
             
 9 462
             
10 024
         
10 748
         
12 149
         
 14 701
           
15 345
         
93歲
 6 206
             
 6 301
             
 6 605
             
7 817
           
8 141
           
8 731
           
 10 084
           
12 036
         
94歲
 4 711
             
 4 968
             
 5 064
             
5 368
           
6 261
           
6 490
           
 7 083
             
8 120
           
95歲
 3 864
             
 3 667
             
 3 927
             
4 034
           
4 185
           
4 947
           
 5 172
             
5 643
           
96歲
 2 260
             
 3 000
             
 2 863
             
3 099
           
3 100
           
3 242
           
 3 832
             
4 040
           
97歲
 1 611
             
 1 658
             
 2 325
             
2 207
           
2 363
           
2 357
           
 2 474
             
2 933
           
98歲
 1 100
             
 1 150
             
 1 257
             
1 812
           
1 646
           
1 804
           
 1 781
             
1 837
           
99歲
  741
               
  806
               
 849
              
 914
             
1 368
           
1 235
           
 1 359
             
1 310
           
100歲以上
 1 962
             
 1 873
             
 2 001
             
 2 111
             
 2 141
             
 2 599
             
 2 838
             
 2 995
             
表 2-5 單一年齡人口數(續完)
年齡別
96年
97年
98年
99年
100年
101年
102年
103年
