 166　　統計年鑑　103年
單位：新臺幣兆元
國富毛額
98年
99年
100年
101年
102年
國富淨額
98年
99年
100年
101年
102年
說　　明：國富毛額指非金融性資產(含土地、生產性資產)及金融性資產淨額，以當期重置價格計算之總值；國富淨額指國富毛額扣除折舊
　　　　　後之資產現值。
附　　註：(1)包含研究發展、電腦軟體及礦藏探勘。(2)包含動植物、專利權、商標權及商譽等。
資料來源：行政院主計總處。
單位：新臺幣元；％
65年
70年
80年
85年
90年 
94年
95年
96年
97年
98年
99年
100年
101年
102年
103年
資料來源：行政院主計總處。
表 9-15 國富統計
年底別
總計
非    金    融    性　資　產
金  融  性
資產淨額
合計
土　地
生   產   性   資   產
小計
房  屋  及
營建工程
運輸
工具
機械
設備
家　　庭
耐久財及
半耐久財
存貨
智慧
財產
(1)
其他
資產
(2)
 166.35     
     
147.28
66.05
81.23
39.40
3.97
21.00
9.72
4.95
1.26
0.91
 19.07     
       
 175.72     
     
156.86
71.64
85.22
41.35
4.11
22.10
10.13
5.26
1.35
0.93
 18.86     
       
 189.05     
     
166.79
77.61
89.18
43.28
4.28
23.22
10.49
5.52
1.44
0.95
 22.26     
       
 199.69     
     
175.54
83.75
91.79
44.58
4.46
24.30
10.70
5.32
1.51
0.93
 24.15     
       
 214.84     
     
188.34
95.69
92.65
45.71
4.60
23.62
10.86
5.31
1.59
0.96
 26.49     
       
 131.04     
     
111.97
66.05
45.91
26.68
1.23
8.04
3.55
4.95
0.56
0.91
 19.07     
       
 138.11     
     
119.26
71.64
47.62
27.77
1.24
8.25
3.57
5.26
0.60
0.93
 18.86     
       
 149.03     
     
126.77
77.61
49.16
28.81
1.27
8.38
3.61
5.52
0.63
0.95
 22.26     
       
 157.57     
     
133.42
83.75
49.67
29.38
1.29
8.43
3.65
5.32
0.66
0.93
 24.15     
       
 171.95     
     
145.46
95.69
49.77
29.87
1.31
7.94
3.69
5.31
0.69
0.96
 26.49     
       
表 9-16 可支配所得五等分位組分-每戶
年別
平均每戶
可支配所得
平均每戶可支配所得按戶數五等分位組
所得差距
家庭經濟戶長
性 別 比 重
1
(最低所得組)
2
3
4
5
(最高所得組)
五等分位
差距倍數
(倍)
吉尼
係數
男
女
 116 297
        
 51 754
        
 79 335
        
 101 676
      
 132 056
      
 216 666
      
   4.18
0.280
… 
… 
 266 439
        
 117 224
      
 183 360
      
 234 699
      
 303 530
      
 493 382
      
   4.21
0.281
… 
… 
 587 242
        
 227 816
      
 389 205
      
 511 410
      
 674 451
      
1 133 327
    
   4.97
0.308
… 
… 
 826 378
        
 298 443
      
 537 241
      
 723 067
      
 966 103
      
1 607 034
    
   5.38
0.317
   85.06
   14.94
 868 651
        
 279 404
      
 524 766
      
 740 054
      
1 013 478
    
1 785 550
    
   6.39
0.350
   80.39
   19.61
 894 574
        
 297 694
      
 556 117
      
 779 044
      
1 043 131
    
1 796 884
    
   6.04
0.340
   78.49
   21.51
 913 092
        
 304 274
      
 564 865
      
 795 427
      
1 073 507
    
1 827 387
    
   6.01
0.339
   76.93
   23.07
 923 874
        
 312 145
      
 571 128
      
 799 418
      
1 069 885
    
1 866 791
    
   5.98
0.340
   76.78
   23.22
 913 687
        
 303 517
      
 564 893
      
 796 225
      
1 068 804
    
1 834 994
    
   6.05
0.341
   74.72
   25.28
 887 605
        
 282 260
      
 544 532
      
 771 572
      
1 049 242
    
1 790 418
    
   6.34
0.345
   73.66
   26.34
 889 353
        
 288 553
      
 542 741
      
 773 468
      
1 054 693
    
1 787 312
    
   6.19
0.342
   73.73
   26.27
 907 988
        
 296 352
      
 546 903
      
 786 324
      
1 083 008
    
1 827 354
    
   6.17
0.342
   73.30
   26.70
 923 584
        
 301 362
      
 566 814
      
 810 075
      
1 093 553
    
1 846 116
    
   6.13
0.338
   71.99
   28.01
 942 208
        
 309 459
      
 583 287
      
 823 937
      
1 111 674
    
1 882 680
    
   6.08
0.336
1 128 799
    
1 919 937
    
   6.05
0.336
 956 849
        
 317 144
      
 587 625
      
 830 741
      
   72.07
   27.93
   72.18
   27.82
